data.A <- c(10, 12, 15, 22,21)
data.B <- c(22, 16, 28, 23)

